$ANSIBLE_VAULT;1.1;AES256
64636339346436303265666264653239616565616531356466313539396130356336323534363564
3637343463666436323466646132386466643662333434640a303365343939643936336430623163
34643931326139303134393436613531316161303637363566633162373834646462646634376236
3035353662393533310a326166356464333263326263333232353239363761303137666334343737
61616238643666386335363439343635663734333935666631643337393435366631363666656262
30373430363437643937363230376131646662393636393563333931343232383266396132653665
62623333663163396334643038393932333830313034353439643931313262636431363539623661
62363535616134653161663165333731653966353834653663613162343837326338303963383330
66616438626334663036666638376163363939643962373966366335383339326234316538386239
30346131323536316634353535636633353839623732333639363163393966656137393066376639
30393237663439633166333265373065363061316564376464303734393061613934623034666239
64646566336132343339393134383338326161363363613732373835616538613932376430653133
38613266663837386638343932663236346161376532393537623162333731633138633234636562
62383135396230653835323762396535346264316361386163306637643462346331306363356330
63333863613634626532323262346563656432663635363933366364613536663763646665386436
66343234356435376636373361336639356431613136343265623838303036643762366435383166
32316137613733393764303564316363613262323639636230636164343561333435636336336335
65343737313339323236393466383938313166326530613264303063313962613863366132653635
64383330363837383332333761656231346632666465363664666564626365383236323132363665
34356363373333393732363962653664366534313934626531386362376466663463353765303834
38343063653164316163663464353737396438353432653637633535366662303962393362663839
34663432663936376436396339633535356338636630643830303562326637303731616239633732
37386336633365613465346435666433353236356531356336663730323535353662376135353735
63643839666561376333613165303537323238396566306164643737303435323462313737653731
31633538393237393661656237336133353437313934383732356634336464613535613536663533
30333762383437643066303263333632663631626332333235653765613333326361633635303164
39386361623238373934653536643066663333346537343632353863383962643233333035633264
34356461353632656464303764633033393161623939306235373734373635653361373862386339
63313733636537303637353762663361353632353231306137343163613763353435306265646662
34636435396638613432346561643533393036636564313565316664306436373539313364393337
63356437646236633335396364376266623361343936383731633536646433623531613636343962
30633762336139653938396432623464333163323330313164343939663631353561326434393165
32616433633965343462396166316165356131366136336138383635363630636239306362326266
63323462653838323330653235316432653261383135343664383933613430373266383839363665
34303264376262326533356637313037646566333764383662643261393239346565313966643362
65336461323030346462663461363139626531336563326438633163376361306436386636373936
37346362323964663030353236613536663832353431343031346439303765633630343238386331
63643036383138343830633135393338346561383034383661663766613966333937663335353930
32346662353463346430393739613136333566336163613166326362386638633939316130653634
66326264303166353335626264376163633831613337396235323033366635383331333137623931
33626366363733633239663433636638356465323362656531333733646339323163396239363935
38386434386337373330336262356263356435643737643164356330353131633162326162643866
38363831393764313263653964633733303634396237366461306239646465613836636333303939
65646536336263333437663331323163373638616430373739643931663363393634663466356431
32356565633266643261653765393833623933343337323461353032366131373834656230653933
64336534356631363966623566343564633839316330633233346233386539323966313631646435
34326664366534623036346661643139613861336566653235653736383363333838633933643336
35633264626234376331363764356432663464643132636363376535323965646239616436333762
34623235303463393831636663336665346266306161643834623737336133613566623430363934
33393631303961303765353138366564663165623862326333616266646138353735663938393237
31366662326437313838346139363663353965663161306437613336346361653863313734393366
66623837303963326163333931386262303666363235643762373235366564633737363535623763
38663562386632653030396539303934343235613638323131653635613466393264643936626133
35636565323864343333623031616461366433343334373061666635613239666363393832376138
39623537396139343430353862346164656134646664323430363865336136613137303165616563
37623361653339326565613236323038336163323861336533316165613130663537633537353138
31663939636361376265653536386230646638376465383334313761616436646137333739366563
34373162306337366430316639346266363561313166653133613965636363353063333835646135
36656234653936326132313861363262663434633139343261313639666435663637316138313334
33386330386166633935313666656434653561326561316336646464396566306637396362623036
39633461383239643363663463663463623064386135316637346431366437363833376564313332
38306264633765353838346364373665373335363463373938616466396563356666343235613161
63356462316635346363333433646465323033666532626136353966373066323962303332343435
63663965373066346562316162363864646134623432633961623732363537613166366665366637
38633837643634303332303537396662346337323062313933396232623562666537316136373831
35353566653631646664613761323138656132343437653230366333643461663263303862353665
63336166343162356439383733663661373333386430646130303865643434643131333935353061
30363739366165396665663366336139616638313037393862666132346362386566633934343331
62363232336666356137633533366638303033303063666139613439386433316463643662353838
36373031303063313430623138396234643236386137666161383435653761333063363065393837
33663766396531313333363539653630333631303361346632613037373061653435663035653833
66353133636464313139633730626264656337393234303764643433383131663062613462646361
30303534646635393438333832333062313966663633303332623337633430383932346236623336
62336261303166623134346532376637303964613862303362346162313232356230646436656339
34343563376234356132363064376436623431303636356564343366396431386664376637623139
62353965383931396561623663653462343664323338313765353530623361636263306162333934
32316630656665663533356261336164383561373762363839626538383837393635336362383539
38616132386638633630356431373366303966323230623861353061666239313034366137333062
62653238653639356662383665626533666334316365306163656262343132363534646639346664
66386130363732383030653765376165646638386235613861626161373561643764306334346462
65653830336364653736373132343965353133343261633065336635653034663066373435626334
65326366313565396534633631313965636163343538373437633466663139366235656231313732
64373666393264376231663132616439633839316437666238646433383039346365313263353434
38656633303930323936393938616666663764366632313331663333303534333632633237333461
63383061613530666532373938376337393637336232313166393131653035653232376166636161
36326365333635383764613564363863653530333662313266363962333564373063663962653032
64383338666663383537666536313736383636356437633731383639343937366233383164303736
39666634666662623137653363366330356631376235343062653036643033316463633961663835
32643235353535653961353166313231353065306263386231316665353933613234366531616664
63376165333939326334363233633132653466303239643032623461616238626236363063363936
32666233616664336139373963353564633931336561613632316335303833623939653439323165
62396566396163366230303663323132306130656130306231336364323763393664613633613836
31336664313864653565336636623435396436326133623830636331326639643335643562386231
36393834353839623263323934663535623663373231656130653166666361316463656636643234
65346465366363363162353737393465373731366135333736306138326265393631633938613636
33633135653534333338633461656566343766616234306338326335613637626639643235623065
34336432643037316363393935313233313039346230336437626662303633633532376463623534
38366238343339376630363735626632373538383133376233313737326339333562333462396337
32363032333761663964643962646130303938373031626662363330313934346166323734363161
31396638343635343634303061323835366462626666303537333636656466626637643165343962
30386339633434613162323233623962333337623661363337646135616434613163353336313163
61636132326664326232653735626261333034383865643562313739623132663939623434613664
64656363373063623437643561373436333134313761393038303666613935323166323836636662
30326163373939316538376330653731313738306336323032353237653338636664306535383037
32373130653866626538393432343938343062313338643138383162616265373761623564643861
61623238393639333164626661356537326539343034623561346632326564343335316632626333
63393638353335376661396530316531333637393263613039306339303536303031356539386565
36333138653432363366393462643564383630356165633462363831656230633536303364633035
32663234316338393738333963643735333764396134653164646436356430613566356463383732
35376566653365366634376336366162336231303265306430646638626263653565343963663431
30613333646164613835663138623463303235343532656564356338323235393530363265666461
62326637353732343835373762306335373038663862326265353931383662383039363763363761
35616434346164353837623264333963313838363537626633376135333936633765616334343230
65373237386637363165393566393762373166386564633264333064643037623662326138653939
62616532653065643736646161613131656266663763653262386239626531373832623038303833
33306630303363376536623239323730313033343731303935386532333339623165636234326230
34626464356364363132303961323364663330656333346237643432663065666134356162333564
66626432633266656134653039616264333630326433666530363632646132646537383765376633
38333563623738663665396463306261666435386362643138613330636463343733633038623463
36653061613736323631376630653264616437396362326338383339623564366332386163663830
62313762366435393439616134646630373539353238386362353935653033363162336336336164
38376232633931643761353934626364353636663561616130353337356665303532386530333634
63376263343530343733656536316563643236356637663466626235646235383137383738363437
33353239613835653766626337386433303834356436383531383734656130343536333964653230
37623431653764323832313131663237393832643932383761353535316162383063326233373661
35623133373831383230363832313831653665626133323034616535656566663738336637313135
61376630626661356231303931316263303766613564393461333638383339313830636366346361
33366133613237353937616666653534363462623031336130303537633666633537343638666333
63633033363463626365656136616437636135346266613836346236306530363835386437626365
62343264616436343235366161623361663939623365366164353836396138623830336236313464
65386635353237613831363762356430346636633861623139366366666634303666306136653037
62366564336139646636616230316338393734613030356631396366323238346436616337656162
37663761653136666538353439333139633739343030393036393339343039616534626266613633
39393038663630373962356136376439366266396666623464376364316639393463303038376664
35666664666334343865646338393639663666623562613262633465666338653261646562366436
39636637326162663465336462393330643637356335363136646631646664333336376139303033
35353134643037303531663439646537356433366266643631303765363231613335326133643665
37623262623332636561336230353234386233386462313936396566643237623866656365663263
31633665663662343163656230376166306263613037643032666265323363616564386237623330
64643966613937336361643835663539663734363664663236393930343135613637363439333239
34643132623633396533306664666366373231663763313934333036646530653933663864316332
36363363623339663834373934356337313965373662343462616131306430636562323833333132
64306233323361346238306565633837636463666232663637343966653730353339326430316535
30323134323436313864613737646437306131326361623132353936306266376361393230656136
63633462633363666666616136626365353965663738313162386561343232636236316436643936
34303963333263613434623135306631666464303334303533333664373338666662376661383338
33633163623364356461626163333965326166373862393532356135376337353439653530623462
39323062613166333363383431613636313161316363343039633631383133386362346333333638
39383665353666653364393631653935353265353266366233383431316338646230653365613134
34363065323134616336343861636435383537633830616362343763386661613139343631366636
39623465656164303165616536666630643466363264633030306335633865333163613530623762
34366235356231663734646530623131333863323238613937663031613734646331376365313166
33376265303931373866613962333735633333663739313566373637313435323531336131326139
33626562323534613737373536386434386235343530383161333837623163386333343633396634
31366262386165396333663630623830353433363333393236616230633834356330633939663735
37656461616633643264396338666636323861383932393564306339396635666433656138306561
39356665316532336338346464353739643532393663343539366230343962636236366536663531
35653861316437303635636638333562313030366264353939363765656535393138663865356562
38393762323466383461323833643039343436656232343831353735386435346365656635623464
39616339303338636137326163663662663431633630656462336566393832303033643934643665
32363437373638663332643136643736663662326238636533643132336632633535633163393166
34306334663032303936343133353137393939373862386434653736623331623433663836396661
63323635336264393266383364366665383536323564623661633164613932306234323034343364
62343633363834396137356538613235663736316364366233666362323831346132353561313535
37306664646463653632623131633234643332386338616339383739323131303335373931366563
65366237313032663536333165613238633137656135653934336264653431383865653034336237
39396565356332333837373131396536663136303038333562343263643631373137633664623339
31313436363630366436343361613730323835333163646363333739336637313434363436316436
39656231636433656132373430376139653465313035383437326636353364383461356639633136
38653066396138626365646262303964353861353365376339613336643833663363633433343239
31626439663662633333633865343838613439383562383635393366323261333464313563363638
61303636663730373834393134633164306162623464666265653031336538346135663533613465
37663934326230613038356334373938303866626635336539306461333631333062323734613530
31313132663337336633363639623836316261623331366233346332383363326463353934336238
38623433393366393131363736303338376338656137613461326235643936333237346434343163
36633966643165336466316630646636313630653132636631303132386262323338386465623239
65333138303933363934636664356463623532373639343237636239643433653964626438633236
35393838613536393931653264363535336539363864653366646635393934356466643234643531
39353232306630646339613432383135373837393565396335626439353338313162333238316535
61646463643330623738646636336537373839626165616630306434623363396464656663633161
32303565313731363732343566333461616564396465326537396136353463336562383938396636
35623834313633346630323434643830663162373363646361666338666636363033316161373431
64376333383563393235383763386236626539663665373966366132316535376261303266366135
64616431353861663535383135363165333733316434653365356134623732363336663539336535
66306264623863313265386466616463396235363834303738663839326533393532343538376164
30326339386130656636303934613230323436343231333735356564623938363239336663626439
39653965396663343538336336386366623135396463373235303335396232343931343531646435
64613736336165303539623065663639636264333661316634633537353066316635306465386536
63363165623661666133353136313538636166343631633734363865373635663032643137313536
33383264346661666531313466613738316438643262333430646539313636653666316462353931
39306633653439623231636161323666353631373531386163653938326336303630613435623532
30363938353462333130613139653538653634376661656330323235636137666664613962656663
35313831636163363962363232373266653863343063343539653963316533336438343961323765
30666637623634656337326565343130303865636162366666666261303434356338363764613030
61323766666132643935323537383466623562633539393631363862313835643963613766643138
31333737383865386430363566396662646330333632663335366465666433393830353334363763
32653136323338653734663933326362643732653835336465363964616632303133393632633165
37363463316162313765333036306635613538366539666530396638643165373931303838633031
32396436353635666664373561396264393036663132323635373930663533313762396430643765
63393539626334326531313833333031656366366264633731396537626561386232393535373665
32303238623065356536353430326261626463666137663236613339313336616361336636373730
31343361373761316338646639306532643233646162343634323335633331613830376361633638
35326165313235613139393366313931373866313436613134373437393936386666653564363939
31376164393136376139666530316133663639396563623062333461313666343961663363623933
32363534306132666666333832373165633336373739363266623831663232613064343832396362
32646336663230393039323735313030393364626438653630653035356238313639323330306161
30343862383061316264386632626563336664383036663032343238666632306166303636356139
32633936383932383133613436313466306262643635646666376462386663616561376366306565
62303466633862396664373531373961366466346230626337393334346437376666613164373764
36303966343266666632653636653963383866363430656535636536303366376631623363393430
32356139303763666439306130343630333739666536643066346563343636336631333262383833
36303930343139306635666565653966393663393463393630646438666265616264336530333837
61303235393536306635666235333364626266393066666565643763633035633266323265366238
37643138306532333162633538623437623666343431346333343332393136613435643038393165
65323463633939306465326564383233396462656633633436623165363965323234636462643831
33343933343465366364633431393164396135393339346638333062623565323439616132646132
62626638623762373765653461373964653034356234623663373533366231636534646665326437
37643362333863306235353035376534373838353763353032373534656639663238616631353734
65386430656238306266336330353632613536353561653233383765636536646230303963356337
30303166323234343732646637363636636135613335373238303831333836326631343934633966
31663463653737363536373063363063313938653331643635623433356230636134623536383061
37663563386164303538373035623735306632386462393938363837363665646666613137643239
39363133613537323662646166363534326432333432343162633831343765343531343937316138
37383565303164613361633031343338363239373533383436383765386635393938373230343939
34656638313562343961303066666331663162613938313233356361326230623339636330396535
38646462396339643330346133393337613066663931356430393561376432393330346331633762
63326633316530303866643765356437333238363639646432373633653935336564346635356366
31303432616633356336613231623832353265376634343135353666353463333263623762383364
33383530616138616666613236353835646366373864663564323565326661663738353630643766
38393239383463616465643662623965303831653338343831643762383831326339396236333136
35393863373762323530626338323433393965356166643366653864313961333461653130386564
30626238346666663137356230666166313230353664373930333937663366376233653365636432
35613137653134636563353430616235616633613966376134613462646638383630326630646537
34363833326137346235623434386463303263383665613438643732396538636536356532303661
34373161366337396463646539306639616130383935633034363736386431613362353266383336
33323566343931353234343639386337303634633337613961303939613639623430663462373434
36303531636431643064383132336139346366616261376237623565373632353765376334626663
65393430633332373361333835656636356532393637396465626539383233626230613764373662
66633632646531343934626662336336663763643132656433346532306537363165353662343862
65373132323431646336653133643835363861313934353337373532643431376462663534356435
30616130626132386438616430666532383265663432646337633634633166633164643239653165
62313132356439613031356562643236363836326239666636353238653133633235353539343661
33626230616539323134343935623236363437326633666131303963306432633636396337333566
36643837613135343665663737323834646238663132343161303962336635393931616661303533
37366534346262653939656264373661333561333766333435613038386463643763633233653962
66303637353464623034316333623833626265336364663237346331393934616536303930386237
38373565653962663962326366643861323337663131633163653137383038393232366461346332
31363365643130343462356437336235653265346333313532636536343264393430316664363433
35633162666163663866346266663034643438646439626135636335346361656434376531383266
36363064363739626437666431313861613439316366363932366461323766643065626439363939
34323930353335386535393039636561366132643538633834376235646366386331633635333062
65313136623039333730376664646336396364623833386234366262643530643464633136666230
61363837313935356334633966613563363634363534623964303962653430623238346261616366
35333638643032346138396261326632356665613037353863336662336532326437626239643836
36363433383664636632623530636235656666393834626334303936396530643736656633326662
63326133366632303135323735313966393331343436363639663632646231643136353466333235
64656365386532623336336134663336306232623335613366653534366636373866663333313164
32363433336235613437353733333163626138386665613535363736393766323837346431353037
39373131336638643964653030306633326137623330303937356436306233653831396632336366
65663966303233633735343631636339336361643862643431353231383432653566636264343931
32383032366566383333373035383032663464333564306533353730343261396166376639306233
32613437313363373134663139346562306134323962623163343834386633633333356631366239
62363864396533303036353431333439653764383965626532613862383765323265626265616536
30636230326263386665373634653363623436336162353932653164373932326630326635333636
30663132366330636563646532376162326161336338366532396530633538393435643662616361
31346661303338623437363231306564643662666636626636396266303733623663653166636338
38366665363338306161633665373131653065356664643732613931306539343730333530363462
31303339383334636138383638366637613865363431373337636537333562613664373637386361
36363730343739326430386130336633613761656363363435366333356465623631636435366432
65363563313435636135643934616365353461666465333864663332633865636266663035613936
32663064356430353032346364646464323162333062343338373130323164656132633234643763
63653464303061613062643135323630366662336433633162616435376461363865376535316333
33373537386234346463366436326239623063643334636531373835353231383561643765613866
66623339376464626135326630663634343964626334613632626230656565353364646430646365
30636331643530663538666337613432626365306361313763376232366236663866663636336538
64383235656137343065336434613039396435633564373930633339353864653034633265353439
61316232393061393731623130646162616435636362343232336666346262663861626430643564
65633932366365303664646262323937313133613733626534633264666332303835633666376439
35333161616431323261623664343630616533656638383335313039636330653061613065363735
62653635626465326164323362363464363161373233383732656462376136666634353932636262
30653836396363626236326561366532316365646266383338663334633964623132653330643639
62356466653364663463333965666462323738643962336263303262626565666561383861613237
63663934613164616464366537326339613865633237666361346539353365316239373036383030
35383536646530366364383631613865653363366261333762306563373165666337613638656239
37313861316366396136653338666233306137373739626638666536323762333663356465623864
65663337386464643466316431363364313839633339393239326635383936313638373338653163
31646332396534353832323939626233323234633163353435363365333937663233646535376466
33646135396530316263323865636239353133616532333837376137666163626565643439666566
66393066386439393335623663666264653233373564616563336339363864393539303735313263
37326235343431396263633162373563353134313562633437316333336332356638653635333032
61623938616133626430653632636432363130653761613537336166643964363832643932383865
36366434343631393337326665376533383434326534653964396236323363633961313231613034
62356339623032623063383562376637656339306135383131323534353436326164333361333130
64336339383065643436306430643266623431316562323837643438666564323366646666393731
38303230346263643432393166383635353134366266363334663334643136303538346233346537
65326163666664373837326461343961643961333630663737373166336330636166656637323662
31643066323461666335336138626538346533646330393836643032626564383339623532393431
36646638316535333035363162376461613862636565626238366635316337356531323662373136
65383366656431343938383438666461343461303362323935666134646536363664323934343762
37343365333865656430333139313963326361343735353732373433616637333736653266643463
34643766373666303437323237636535616663323736396334616163656531396564303861366237
36623136643231363335346531626436366163386437336430656365313534643662346431663539
62366463373362613431373761653135333832633531356632326564656530616438316533386539
64633630323161316338653661656237613861643232613431316566646432393166313061313535
34383965613130303035643535643661666132346362656334626365333433353261353538306262
37633231356231333863396262303966663236353064376234323062396466393861666663353266
65373765613030343961623863306363306562376466366566323330613236643136356338373635
63633038666330303264343933663336373730313331393331313261356631646630353065323861
31613937663966353532623834623630393033613638646536373534373838353333383739346137
63666139333062386332633565633466313534363666333864366565303230303262313937386562
34346137653939613762383235383762366233303164323638623138656234336636646133373435
38313235653464343434313865393039636633663862656136626335323630343762333436333732
32396338383530396530353539353939306663326165313337653139623662373563383431396636
38616533316264336464666634336561623166363961383738366464393130663661356166353938
63663962303836643064646336643035333137333434373663326235613066306333386635663461
39376162613732643861393064663063323833326663653765356164653238316338346339323739
64376561373437613134363132636633646530666166346539643037323239306263303161396231
65316630353735363735353062616332316534656231616530383937366634363237626638613731
61656534346434373933306137303730313632623135363162386237323662323362396135383262
65303433316565313565653636623731613131333637306236343638626131633165616661396366
30363934636666313634363363393932333762653233343362336137323762656235623239626662
30656430343366666263356362653062373130663866373235303435663066336364396262636535
62333461666361656132623861333533333536383136326663646634323234316666343261366531
31396264316465306333353732346366336564336562303539383263613263643363663264313431
65653637663565373830666665346531643639653930356565343333366365333938336565303964
30646463306364623162663139333065636332646630643334656262616638303535303037383934
64636431346336376339643166616533343032656232363238343736643834353033666337363865
65376132363932613330663337306238323164346537643566616139646238613866366538646239
38313138316165343163663962386166313364333130643330363465653433393662336331386339
63393738363833623133326532363230383963356536613831646633356435326339343936643739
35663934306666346633353538366563343963343734343264373365316538343934346266353033
32303136373764356461353535366533333661373739323236333131313431373831383463376537
32376238313637656131656539346662613063363862643930646365643062653731613035656263
66363630366263393839636435343261363032616332383837393837376662663631643464353161
34623338613435636235303337323062376436383735393636336334633466363166633230356638
38633538343931336137376236333464383439353138356230353763323163646165363763343836
65303763626634633237623830663035383966303037383932303563643330663031616665303831
34633832636234656661323862363932323131363665336434666266396466336238383937353365
64613839363665393837313836376334353934363039633164313432376566646636386463393230
38316231353963623838393530396461333735656361343161356138376431396464323833323464
62383439353164643538313664376462613765353363343561316535303365333137353963623135
31356635666162323365646430343932643136613766393365633636666337623266613933353165
62616130616164646534336232316535316638323063303031386664363533343837396438303937
31313836303739653736323164343236636239316135633236663039386366633533316466666362
38393939373438306132626239363431626436353538356331396535393137303061363665306336
34313637393536303631333565626264616137373264623863616565323033643935373135363831
34643633303261363739653262613430663566626133623661653062393739383232363866393061
64623463313532366636336139616435663666313031313431646539386362666333653039356333
37353738663636366231343038376266313436303762663337366139323232653437353563306461
38333333653834653230396338316138373337333661383661646131616233383766666138663035
31623765356161653561323965353366663263666661373564326362336463393264623361373033
33616165383063666231666638383834623138633563643531383661316132363064666162623935
30323464306335666135356336646537326536313031666136383739313834633562623939393763
36666463653338326133386136643064616131323062626230313633613866316164653264643763
63346637313230343731393333333431623165316332343763393939343865386533326261353739
39633135626464343462613364316533383331363066353330653666303363666161313361393434
66653962373162666436386136316164656636393366666364336134396534653866343632613865
38633661616662323532363339636331643461373566396532646366366339396639646662613933
61316164356133616430396330386532643065346237313065363239346663353035613330383165
31646133363237383461616330643162363061336238303162396435386434623966383464343032
35303832353839383362306633666166633665303066366164353231353162383034333133653165
35356661656463393534346363343563633164363265313237393731313835386330643039373039
31303632383231353165653034393964303333376632366639303331353531323232633832366338
38646236663938386531346236316130383764336361353165623933363932663534393765613130
39396136613236326534336138323932313339366462353635383137386261656163303962316131
30303838346436626130323731626163643564303436393834633663373938333333353164313435
65316339653838303731623033386235316532383431626333346465316235343565613662613463
38373562323138383364646633323566616237623934656561313663363962363366313536633738
37663764626531356632616566636265613364356262353932646433326138643235396139653938
36356139363136643361393836626637653261666238336339303363626234613936343661393264
34643933326463346165633931623165626332336534323635363239613936373036396233343433
36356130333233343036333661663035383930376531656433376534663335663731303165396165
30383965643538363233616562313739656238633237333865663662326665636134326135333561
35393135336530326533356462313234616532386131383765646138393862653163306233303734
37393236643035346438303533373634646631366263393533343139353662626563303463343863
31303639316637316139623736636336346263353766643666326339303336613864626637336361
34353266613931356565343931316564323535663361653265336339306664326236323636376261
35613166366236326465656133383130343435636433303239653964303133303266323034663332
36663761623036396635666165376465376630643138636438363136346637373434313761316634
36353835373633386366346633336635656132323632393536386430353533643237616136323939
37613632656666336536663134626133343838646339666637653731333836393466313863343666
61396433326437336537396664623438333436323534343262376466623839353631393139613963
34633339356133616138303333343964633539653034393839373666366463343630323661396531
33363930386530383130316239303233383965623230653162363866393537616430626538373635
30333962616533316265633537626665653838326230626235303961623532343735653839303139
30383962316461366538666535623933303430663438393030383635653537346534393466343733
36666530656339643665663036373830303165396336323730636366623033643932613533646134
33613132336436666461363331306561363735643064313836326133386534643364366361393266
34333362623061623533313361663839336365653035323832363464663562343738323137303435
65643635633631316439623338666364353439386639396637383164623233383235626361636232
32643661383966316435623937653866623631643237323330336134343432303338336362396365
37663663383661353231326332343937356633306132326566303738333034353031373765376330
30366139396636386464336237656164626536376639356434613031386361353765643337336235
36373133613765346266306433323162666430333763373835353263303738333633616336633431
39663037613462616539383438356231636162376138303133353734376464363032306437633839
65373636313062326664343433363136313937386433386137356230316663393364623232383834
64373631646266653963316266313133613163383536666161653064623066636535303863353161
38303736303564393530356164383864303339343734326435643465636462333934346237393335
38333131613634636634386362663166646537356262646338653433366630643939613263646339
35366538636433326335656635323139353433383136633433643231353530336461666537303939
65373332306363353837333938333963646631663937396638396261363365363035393233326432
65386532313062313835383663396666366338366164316565323665633666626465323133666563
66343365613138656561616238666162373165393864376438643462343232316161346330613233
37663938363831323161366338383434306565326634633962366333373733626234613066323963
36326633366661663939356530636165373732336539613733666663333061633162643061646135
33616437613634656530653631383164626361666162646465313435653239356131303864313037
35333139653039356430313262313665373536336665353561373038303630353534633433346564
62386461316538336233323134633839616632623561376336373261373235386436303437333436
30393435646164663037363565643639393439623464663733303633356138333534333736326435
39613238316137613537336431373432666466386530623062306364643664613661356161646639
66383536303236366430623062336135646530633165386233666631366338643061613233366463
62663335373664323231303362313436323865376662306466623632643264633862326334346439
37323165373966326534623264343966326434363333336262323439366566663264336536333232
36333938363561613335623535613938626135383838396662333566636464383037386463643862
30646532386562316333626637306637326531343732316232333466333364333234653537303532
33323434633330633762346464326134366539363930656638313033643832623061303832613832
32623465623635616138613861373833633433366535613662353061656538663563643837396538
30326463653962336130363764363265353131653461306363656664303737383163363230353762
62373834386233316463623065636431313232356234616332333765343965616538376563393536
64643231356230396134303662303434386532396232386138623432626264323130323038616666
66373234643639656434373536653839656363643762346231363637646339366361646664653161
65386233643761333538373437396539343930636265396566396461363738336465666265383530
36313030633462316262333862336330623763373165356434316539633938356633653533633763
33383866383466383637326139656266613562326666643836393733626634613634383236393033
62363734633463313361613732393765626461323230366566343563643134666132356261386435
36306166343063323030623761303634383735636564373266346163363139323535346664636134
30643736303939653038663134643336333339643862666139396237393233393334306162343066
30666539656338343263313731333364643236313066353833656231643961643332363531363264
30666536306431633536396366323464393738313132366264333966373535383865363931316163
32373637643639333662373833633431666531306531376231383935646238653731316365363339
36326361303561643061373331623030613136656666643334346366366566663763633939366337
38343031633132366365646539633535313733363461343631313831353566613437316434663639
33386366633461393566643434643833666664366430373939363466616437383633663262353564
64306232383830306433353963656139353365386637626533313861353630343936363865653335
64373564353063326337383364323336653962306332356637313561373638656464633263636431
65313234323663396165663365356238333462393936326137353132626432383733636438626262
63383234396463303638343762616138383838396332346439316332383935383634356361663533
63633262653737376234373962653230396565393232336139623363313939653636623335356137
63336162376163643133323834636637623464656563356364353832343435666137346536353264
63346563343238633232336236363563653062306562343863613739353837356463363266326266
39373431393631323730633430333361333165396631356534613930313436666266663835346561
39653339333961643163613135626539646431313539656434356637303863396437646366393831
32373435616332333037323032363764656237343336393933613736333436356533353363383633
62326537356231323530623736353461303530623534356430306136613461386366383363303132
33393566373232363165313036373634343266353430386138653231623161653836386330313031
31333434656636373434636535343435333234623638313335616434353563336263653862383339
35666562366434386330653064643333373536653731363734316462386431366330383164323638
38346535313636386334316535336663316633366363396133383061653030326636633062646566
35383565376164653065326463343261613536386366643465333731363061363031326262663161
30373733653135346530323135316562393333323463386336373937303339653638343061353032
36333161303065356433303538393133666666323664663635376364306238383265383362626664
63366438376238633736656662666366366138393763386261393337666332646130333862343364
34633862346565366231643139346666313763336262393863646463313465663037326566343065
65643162393734363766393761306264326534326232616534616238373832393665303666623135
32346236313635383530616130653139363731373532626330316630653337383738356438356534
63323637396663373261393232333739643632613737373162316534363566656136393333653861
34306634373030343336626462663835383134346363626666636437356638656435333265356430
30636161386534356535363433313732303733643232303330363563346630323134306434666237
34353236376165316239636364346661363266663937646531656237363639303130613932613765
34343531636536636564386539623065616238643938636263623233373162616431636661666135
62306431613264313664373238393563616265636539333933303137616666656464333031666438
66353564663865643433306534366436373731383639623030636638326164643637336638393732
61373032653765623964346363376138326662386632633338366562623230386430356265373861
37323564623964386137663134373562626166363363386134623432633139316635393335636131
31396331656438356639626662616334616238363333313338623465316639306264366139646566
37663764323466643965613034666231353965363939303862303936373832363839346638343733
39663234356637336535356564376330363835376139633736656661306538323166633663623435
36643462313732313034656432666236653037353339613733386135666439353436363361306236
65656461303735333061323533383533326361316133663030326234643532643235626264303164
34633935613434363834386132303266663634626565383534363165356463323663626563666538
63303235373463646361323139396536646239333466336139643961346235363761363964313138
32366261386361633830633761316139313236343838383165326233393266353161383066373664
61666239396465333139653966636231363565386237643139386139613065636263626537373462
35626466636265373865366138313036353465363536353336383537633365306239623731363336
38393763623766613863666434613135633562356335663165643630623237306632643661363138
61646164636537356561346639643537636462353063646437303863633534313866613530626139
61383139356364393162323830366632336234306461343837353536343434313737623633623762
63363165396334386235393562366438336334626365666331313433323638633739643062666333
32626362373436356635373865336334376432373639656561613532636235393763376162616138
64336463623631323633363865666562623733616332646161353532666638646361373737356337
34646431353037653565633462303233363634336138646162643436656530356439343036653936
63343937373863373831346531306139363135326633353435333466303535366534346362643136
37653933323936356133373438653335653532393239363561656137383965623537383537383564
38353165303861313866623838323330393739663033326264393762646161653539613030623165
38333862393366643563306637346432656238666566633463323062353162633935626463663333
30626262366431643939333663633130623439323830323166313830636234383739373334626639
30616235643962376162623132386161333837386163363538336361623761386230613134353139
61396465616439633163643436363966643835393832626330323965343034393638313337363233
35366436383164323431316361316363343363643731656162613939616234323835383732303733
36613038633661396132396437323965633663636336316661633666653539396364636437666430
36613665393139346630646534363663333363633731313639666136656235373736356636376132
38376431623439336337393862326466323035313533383561653763663561386432383736306136
37396336326465313534363231613133363732333732383864303639373265663937623538346630
35656339353437303366366561323065313564613132626632323336356562316138643365343839
35343331336664646562336635343264346433653136646239323065336566336435353763613537
61316263666462306566316362643537663831633466643765626233376134383132386363353031
62373331353861353865356564656437383938343932633037376262326565393962363731313532
34323533613063626364346666383637633739363965383338613138336366633132316161316436
62616130356132646234303337363038613430396337386539373838636534393838313362323761
34366661306535366637393436333265383535303262643932643064396435616531643839323430
61356335333264623666343938636535366664303863623864653664353735386436306465356363
36303666303166333434303335653237373236386237643536663863363230333732626266393532
38366661656466323631383337613562313035313364323334363732613466626635313832376339
35313961646334386235333265643536343761643065313636383730356639373839393634366265
66396132386365333962336461623634303138353231393666653636386130313866383535323831
66643839383866306237626264643265333964313166623033333663323865313938313630313236
33663536353233333464323333393639393432376265346631396366363330313532623366613336
30353964346264613663323531303263336563326430653764613532316236323734356563313030
34376230656663316566396264363134373635383838376231326661633138306661636466336639
31303863346631663837306533313638386165336666623036346336326364396165646235346230
65313930646538613437326566616431666161376461323438393935623166653335666332636430
65336537333561373261653638303962646332383064313139653233656237313636393462363030
36336236353464616566326637376562656266393137306433363339303238613466333163663536
61313533383165616465386437316264313236326166373135326434636566343565306435313439
66306664623939353261393939643139356230643766333433383364366438616561656432376534
34336265653864653433376332333836306462656532616161353366303962326431633062643430
66333061323566663537303662383539336231326434346131323130313539306537386333353231
38383866336438343636613265613061373564376432653137333330303963363937633530343838
36383962653239353466363866343764326231383163353731336132353539623036316232336163
38336232623135383861333164323962633837313663616664343234373733663062656438623835
37626333373961376664663835643530646662386137343530363265306465326364373136663833
38346637376664333163663537373635323162663132303366396661306465616537336538633634
37303335396530373765303037616162653863306631336538396662643861616266333536663037
62636266636531653333656166376361383235633062663766613231383436656532373234333230
31643530363661373564666536633330373936613033396464663864306330646535636430376231
36626337613562366438383538346163356361633334353466643734366564323663373534373232
65636461366562643464373064623931653832353237353731346162666533643030396332383437
65643938323130626639393831393334323733613835306361383332353133306639393633333162
63386262323831613535396633316238346635626335663563313761323239313365333262613031
65336163393432613135383830363966633163303734643938323465396135326436386536306232
35303462353233343633646538623136313536336366633533613134313231393634363635316131
63373735656463643561353233343763366461393163613565363639306434366535336663353766
33316335373063663736353264396331643633616165336164613063626661343234326165306535
37663761633935303334643631643736376365343332313331613966336364646262373237373030
65343664336532383134663765313330373463353038623462623235353737386265346530353038
66336163326530303262656633366431346538373838663333346664313335626462646430396336
39303734303261303661326232316432326638313832303738626263653130663238613566393838
33343835333163653633386366386232343537643832633133313534636461323630646538323766
65653431646233616538613239616463306266393734356439666639353866336131313536386535
66646566303833346661643333636462343363373239363939376234646637386563663561373837
36623838323033613761636534333762396136636665343130643862613739393538633462303363
33356332366238616237396431633861346539316635656265386234363131363931353737306634
35336266383038366132396535326666623534623037646630333332366264623265366334393262
32336235343535623435373332363932646139623163333532316439626165346237323839633733
66643338373966326366396639363337333638396632346366393161336561633538383834303866
38396663373565633334303531323763336466623932666432643162636131633631396466613964
32643736396133336262623934373661663964303931613731646531376531643533356335346231
33303639346361366162323661663032333635613235623837626163643134643934376533336136
62386566343063653732663637326433656264653934353862346437633865633835306533643337
39363466393864393332646463396439633231346563613935383333393365626434616135336137
33663633346435653766623535643333353634316631396161643166653665363036303535383536
62323630333338363130343966343265656233623361303034353734303030343833636461633137
34333966323661343064303936326438366265623663366163633535363833346264613535393061
61386666396138396139323933333365323539333736393566383163613462613964666462616335
36623831623535326432393066326266393461633062373230613534303431343766343832303463
37363965646234326265663933333135333738656635623366373961303634393434303163363231
62663037666565303638316465313635646465393830663730393066353032326261313961396435
33623662333335306165613730613739313432643066313639636130343130366264623338643439
33393635626530663663313763383735633339306666353836646666316336613862643664323361
32653061636138333561663732323662306264383535636133663634306132303633313430383735
32303134623933396439666634653930333965366531653538323431323161646330333162663639
31613131396466633336313935613465663137343738353263646239376236353664346261356561
61343934383632336536313361386235363232323139353738653136333737396465353334653335
65376238636261643764333130626539386364363939373138636533646437623466656530616266
30376139383833623964306265396636343737346235393136323065343832623065373935343930
35306339373939643133646665353032363233343838623831373939373335343762343633353837
39633764623163663962366635346437636434376234643031393662323631333633613237386132
36663234353033623063366466316435363833646636643562323336323137313336336363636130
36323664633866613465393866383436666338386438626462316333323365613062333331663064
61653535636536326438663634646435613032346665396238613533313564656264393766303934
37383839363837313633636639633138353031623861643838373565633265313762356162373337
34623635616437616133343164306133623831613231353935323835643330316664323336636637
39383661353830643864313164323531303366373464633566313034376563356365373166623131
38393564356134643562653739336261396264356139623864393435656439663936626561373238
33636539653034346537373238343634646136623939316164636136353334393566613630343463
66336233383866306264373533626132343632663733373365346436633434373139366466663764
34636462393834323237306438343830353736646136353731343862623533643665316230343061
64383864653965623439613337643238333837623636633234373366623938643830343439353435
39343865346661366162643862653762353433333437623565653835336636313833326534663365
33656338303138316336313233306362336236306437616634616136356130366361626161626338
39636665323439336565333365633066393137666564633536656138646535393032366466643434
35386265653933383732336165313362396234386130343064336633396463306566626634636533
39336665623836643634666535383064373361303036646365303932383634323034393761663265
39353335623262353766613033663931336266343231386435336130373333326462306539626131
38373534643165363933656161323935346638646465663064333236333537373636643832346134
63626532326538643335366364356266626466396366303364623539373733323339626536616364
32363136306230356139623862643339396264373537366261343039393933383565343537616238
35333362353439636565376539323164366561316236613037643330313135316235336465383363
65376662333237626665316631313662623639383532363465366130333037653639613039396132
63313966653263633539316166386439633964396536646235613037376462623339333930306636
62356261663731353436393036653261373662343164366163323832626539666439643130383034
32303865383661633536346230366161373765383262336366336130313161623535303965613633
35316232346265303035393561633339643062363433303465316233313761646464336237346262
61343162663035653833626463376437323331656437333262333738656438393536396366323061
36616334626132663437656336343634393631353836656632613031323736656638316233343862
33376535306532346139326433363764323662653132643331313865383965383763356539643033
31363234336463356632323331393437663036323638656539346434303739666135633037323563
38356136306564326365373435333863623935343939393037323832633065386436323037373836
62623766616366366138313735363362663033326166323162313539376433643064653230396565
35393030373335613639316462303465363833353639363332636336333734343861383066646534
62616666353765646164316230366565343935336563396231613734666464653238626264343037
38646538383931366163313265306661363630386261323463336264346261373166313062313735
37393330663337353934373830306138353462326630653839343536323631313734616432383563
34383834323939386334643237373932366138336133346132623334613063373036346164383033
34323162666539383231303838616335343139643364636461313263363733313966653130646631
66323836656430636563663232643430343232346435383632643535316134653062383433326435
33643861613638373434326236626138633337636632613834393465653264393131353435346362
33653762333134373534343837626263663465323938396561353430303237343334623534363436
32366632646362386336303639636332663061343238306236383334313239626336346437663361
39366133666334613362653862343436393839373233373166653235623563646562313662656165
65386138653935303432643334303762633835343838336436333631616337643261323038353637
36653735363137376163363030366236303837383638383831343432393637396130383434396239
39653730333836323837646539633438666638656635356666393836653932343632663437336263
61613763646539653465376562386261663866373238353539663166393463383137613734343031
36626233323632643037313930646237343461363366323834356338373139346166346166316535
34343563316664663039363639303630363736623236663038626636376238393438653436313033
62656536663761303438323738306161323738333336306331336534386536373766323561333665
66336263383937613866336262303763323361646333343138386462666633623230613034633966
33353761356238646566373331376231633539346266356433313930363762633234656238326239
38353131323936363234333933313262383730653132373838326362663462383130656235626664
65373335303034633830306139366234316238613863353732353631303038356164643332396331
37353166663561316633313834666265323164623733363331373632326330316463636261343538
64303737353763313633643430326261656361323232336462333330376363366135333037336361
34386239643037383232363537343564336533616337306434623362613030633333373138663439
62653662383935643563383138316538393739653961353666393039303432376633353437316530
63613165343534343137383564326662303032353362666337653430623836336430376234336234
61643738313764383033393530626365366233323535396232643361386264336633663334646161
36616462316637303862346236623133653162653234636238303566376136633163366536396536
30643737653133646532356530396164373861336437346533306464343761613266366239643038
66366162393231313261663935643533303038356565623831626561383036626562306631666139
31653636313838386633373066343265616635633038336538656132643931616565643934323332
66633536316533383331663232353931373438333132383839623730666435363636356364356234
34396636623038343962663864346265333537616538636533613830656336643535333734326635
34373933323862646462613532383836656163626334383033376162323461393036383961303965
38376637343530373266653465656266383464353034653537653036346434303165353134303432
36333633326539626635326566643138636662313139633362653533336237623664393235653665
66383537383334323532336163346566343936333933613062393163306263656165343337343066
31383934366462343036613330303266306137633036623630313033313639616564623938336266
64346562643133636535343130336362306662313663323563306461646338346131643739383661
35373432313637383737323564643535373339613830393364323837376166653561643235613434
30616538613736663937623535643331333162353935316234653932376436623532373737623865
37623164353461306462303139323634346232373361366465303638633432633934396635326362
39386366346466343535653666353738383463396131643839636337653737653236363535663038
36396565376566643131363961656263333664313739376538356331623864616537383961623265
64653931396235386463333062393733353932333661623231393266376361666434666563363564
39623463316562623830663264346561343137366232336538376232316231383361343332366436
62643534373365616366376362366338663334303037396262303437356237623963383739333662
38323338353234633434346335363634643465623966313935613730363364336638326439316166
64303065363133303039366437346136616537643865373263666339313930323439396430356232
65353938333336373836356461383566393062336463343264323165356363623166313635663163
65663264363765636337633266643863303164666132376666393637646665616261343335373139
35316434633635326136373037643031663431663463646537313536633664343937383935303738
30363736373262643363393330383966616336323864376566333037656232383531363863643063
32613739616337613236326265366339316332333030626264313935303362366330663338373832
35393063353038363933636462393630626639373034386134343965666239663631383766373961
62306339623063356534363131383964636637303531313236653530656231653836653130613930
39323363383864363761323235663537666266666436616639373664376564356162636164663861
62323630353465653664323564616365343264663365353636663738613037343838633361613234
65313665373065613932343264356662323361626633386461386332336239316333373961383832
65666464643430393435613639393933636165353530653065333162643732313862663839313039
63363863653562373965303962356132623638643936666235613062613064646531333230633039
64386264363963356435366634353131663731336661333333383730623562636431663465323962
39323537333964383331386539643636366337663833383436343736613231383637383538613731
61613864653432626364336135653535303330393837626463393439666261613039643262363866
33613531386461376133623636373662666466326337366461646664346632613235366338363339
37353439643539323962353562313236363864366135386665643830626665323337633532323435
38646163663335643331616636386331656165333932663334303430343161386234333031306164
66663564336235363137396436336538306633636335636235396331373465646332323233366665
64376439383566363531356565613538353164393631666632353431323566343836343236613262
35366532643833613437326562656365383338613233363931653536383666376663616533323261
63636138366331373139303837303461393538636566323461393266376461633834376235316331
38316566353139643961303963616661316265313332636461653834623836363365616531303064
37323862666632636132376339366665303264633664653564373864373565646365373734643736
61663638373634303038623063636135326663303262303039376431346331313431333465363762
63343763663537643935346336626262336639373963623133313338363732366363616264656266
35653330316563313635383362653738383038346164666139656366393839613461646236323063
64353636306166613963333536386365323334353433626162356337326332396135373030343436
33356466363862643563326264323062306238626632326561383938653064343630613964396131
33663536653364336232363734303966626166383434646163326264353339616639623961373065
63326438363265346361616565626133656336373763306134643834373336356362373532633334
35363831633665323638643536663639316633623961313532613465313339323937393866626434
33376662613133373930313733663665343831663237633264386365643161353937316236326239
32333963313835646337363961663465633630643839396334646636333734323930346637323866
66363338623265303838366634376131326638363765383666396463393266396464366533353236
37386633373035653535643865343138373062643630373832663662313536643930356236393331
34323137663461373862626665393633313631646364626663633561643662333336633938653530
63316433346662353461393266306266646235303461666332396666346339656366643163303330
39643639343162323134306465306433346437666433643163323765376661616637393837383066
62316666363337323139336237656536636264326133396165646330383964383833313534663463
34643433646239613530353264653830306437326632323436366236646366393738386666633539
39333163313863366239346161353765373766363634626432666362656432343933643166663766
38366265393034393632393064333364396239626364386566346235313962383064323038613332
66613961633362323132616266373564353131343138663166323063333035353939316438396162
30323462386565316333393138313762363438323165326435303535663363623331616461396639
37643966306136626263613330346539346335303662346139623037316633303934393835663734
61343337356238303338343635666333313837666134666136323733663537343465613563643335
36366338313437333432366464663335313432626131363038396164663062336330616138306663
31316434393830333337336631656664363764636262343461633763336266633134363161303436
35393436306337366561343766313462343038323133303064373034653164613739633330616130
66376339646431323031313663383738666563643834316565396562316631396133643731336463
36326665343333393734616263326633386435333039626339663934623462333538396562643734
66623265323934663365616562353664366661613337346365306439343331396435303130666630
37623364353433336664373132303765306162313638363134613730646633393637366334653837
34643364383530333364666335613262626662306566616633363534306638376563323930313534
30313763386165333331313461373864393632393464343832376336633334393566613433636636
35383239376238313033643134383166643531303566353237336336666636303538386561386430
38613134323832613663336461346339623436656232643761336632653035653030353034396538
39396330363337346266373861323832616366333334613838373139383236663336663863373730
64383339313533363830623061393063346665353933323762633162353064363334666631396262
38663365303635653961313937616461306239306139653035376637646531386365313034373737
35313861343264616262333038616337366130363036656566303337316437383565383235366134
62383936616165623737663631383539383538653435636538633537626163303331323830656239
31636539383834396264313932616166323832633363636263333031613764333332363163323635
32666131623265336664396561646337646433323037323638353032623330653632663865366136
38326262313134623064643363343265346634356233313035396563656438316330336665333039
39643463623931323136336338613966616234616633623734636164613964646133336136373136
31393430666337613161323436633434356533333636663232663666643331613238376437383732
36386537323738663036326464316139323835356265323936616332343437626338336431643333
64643665303835643265346230343030353532353537623737653765376639326636643431653030
61653561653832636132366163646137376439323235333663366165366430643363363235653732
32653234373530323162386161636334616136636464653031333361346562386434636631383338
38626566313165636637633065393761353437316237666365663335616638343362653935333339
36653634373966336139613461623038323038353432623638326639393838623963343333306131
34636430353336366531303862643963663665666631353935636632386133393664663033303764
64333136656338343634353235323739623365383939646330666362306261346530333365656137
36333738386161373333306163346232396130356365343038386266653039386166623933613833
30616234653433636430366263383533363165333363346235393464656331396266653930633735
37356262383466396235623132646530663733343661653535343461333562343731333532306366
31376535343338346635336437393639633933623032326533643664626661623137616339636166
36313532653131653364626438663536643166663132353832383363633336643263633331663266
32643331386638626235326436613037366465313166306634353639666263306633666437393563
61336232383663346531636339323464396364343665636232633331306566303634346634373735
30636331626136363962366561653762376235313265643236663836656161663132396166373066
34366237373239346437626666313532666263336633646362623862643463613738393462343437
38656163353233663962386532333833636533303731356534616430353838616564313433383663
30333331303762616237326331623261386666356236653062333965356631626363393733636638
63353164323632386335663136656535313539633031313131343261396165313335336439666165
61303266646337383231323763646561376431336363656335363565633232326565346566356263
66623538326431306333663964336562663262333438663532393666343137303433666133633031
37363361663263363666636137613532346631303133343833656330366138613636346133373332
31336439623961333361396263343364663365393833303065326239373037353236336635383137
37616139393430633031366136396366356561326431633862663963663366353837646565376464
35303739316334663136353431386636623731313835313535653832656364353332656362353232
65623434636264643230646439323936633234633430303835376262663563323535303663643934
64393865353466323135346134336537623265623639366630373465393238343836393162656563
32323066646135663632666533343937316631643561353733356262653663393935323338313864
64303833306331313232323932383135616132313765353735633666393830383935313132343031
63343532383263363562373631306136396662393839373438376233346137393430616162623438
33373766343863666166633262376365363537616533626265633663326435336439393034336337
32643464666532616239633262323962376137313839633434653461656339383962656662623736
31346564303765366435326231383463313939663261303734633836636639346230623631633636
30623136396331376336626637663731323866333034663538333436633566353030366236393832
33393134393432663335613837633237646531353339623235313263396530303338343461623163
61646364363132316661383765323235653465383139336534343230636366353437333132636436
61313835343031383061336634383933363433323339653963373031336432653636353836653934
66363365626532643466326462373665666130663238666131373961383734303135366263346234
64363963303038653165326564373530643533613934383564613134646637356166646134323965
36316166346134353037623938323864666639376231656437373535663936323735623035626136
63313333366366363130396334646163303138376565323039616463323762623439653337343938
34323161316437373764633933323265656365303234343030363362653538343362373461393161
33343462613866356537643631366337366264663464346633383033333331646134386136316637
30633838373564653635363933313733333434633431633664653830396335313530303032303766
33333433333433323466383838343736356462396630316636666462636338373266643736353436
33343862646534356332623562326263326165663564313865616436383137656662663532346362
37323530656135396434313964633464346532623138663663393339613263623634656335636331
32353230326265356430333462386132643463326133643661616431663862663766366233303562
30613364666564653534333137323133636566336563323130316138353637386539653933363230
30383931386435343232643863316465356338626563303132613932303564643233366234646336
61653032316262623935333237346432306234643238373635623730353732636330623238646166
65373030386238343463383865386163323238643165653364336161363338333639373138373464
37383333666539353061623930333337326337333334616330643966636239396538633364656336
62626133326235363639343762316163323532393530396461393238666364653632373062326335
61316333623531653261383137336162336132313435633734393435353833663636393430393863
34356138313863383233623236666232356138653331356163633531633335623233626333656138
36643766383364646239353732303863353665306233343130303338663033363564336362393864
32376633316338343265666362373034643333323032643137646664636130316164373462333539
64376438316264333133366365363831643130366633666537633461626135636334313739383336
63626138336635366536346639386435303434656636306566663332633339303864363431383739
31643963323233663062613030653733663962663832633663306533373635616436343564613931
35636663633633616632303364343463383737393235623539386538343031363362363161323734
66313530316134643137366431633761653633303636376432633566323339633566383533303236
33326432616564636261613066616131386133663735366462306433373762393036353234323263
31653338363837373861313861303266303865623063623766326665646463393037356265343164
37656363643963623833336163646364373462633438666263353666316561336662336338383834
30376565376637356232356133653231313962363533343864623433313832343330353864653335
32373132386634656438336563366335356266366364646330343034616633343439323637643036
30356530303838623233333537363830393264316337373137333835383562333561643462623237
33353065643562326332313330643263333637636532373364346634343863363032343236376339
31656230383865636234383761313235366536613632313337633166393066306263376665346462
37326562303835623039353333393833643332643935386466353138343963643639653661323338
35303634643061633131316532666365373766343637633531633037636633393365646663663037
39343364396362366461393365306537333765326438313961313736373831306532653334636264
61333064363638376361383962646361373831393266353564313463626163356430306330613438
66373662333335303833303566636538613430316233373062383934376563383037636634656631
32343632373266376130346563326135313862353864303734356264646538343061626235633166
64366461323266353333383332313635646361303565386332346631323139653466373264313937
33623662353565663534303638663936623464613266343735313633653131643962316265613561
61343564623232616638386530616563333930363466363436376630353538613635333635616366
38306533396339663534323936383262353863393538306630663466636334356136373031396133
66313765616263376131316333666363306231663636353230626533313931373731336533666466
66333662633064623133373961633833343736616338353134393262656533343536376231643132
37626638656530646463313065616233656531336366626239653239353563363364386333383861
63333164666636346533663336333739666435343061646462366566343437393166303965346263
37616265663563353063383039656232363532643435383638386536356535373162613566376432
66346262373531636634303639623765623463663130666538343439633637323830646361336632
66656464626366376639356166656132336430363130363833363963666432313731623765336234
31363638303334393762383938346235623032646163373264653636366438346564363539366438
32336361333035306639653938363161356366663861373238333537333130373732353539623864
37326639653364306631306361306530323835376237313833626231666363363962323130633531
39363430353336636633393936326431393632393132646666333730303362323335643062343133
62653566666339383131393564326664353866653361393438346235306261383366633038373536
65343138303064656231636639353534336437313366333961613332393535363736663761333239
31363139623361353437333262646637353931306231393938366162643939323563393063616536
30356338333230316330653965633832343835306330666366373363343264343966366331353634
33616133353166323335333436333532303239396637633232353635663630653637623536386566
63633438396639373434326534376633343365306632326636623037633464363138646135326636
30386431366335313038333164366635323861333736336663323765633432303532326565643433
37306138643437643039393537303662623632373464653363353262643461323063363364636535
63356439346537393333333233626331613664356565363734396664646232386437666339343336
62666138613039383165303732656335663466653832626331653634623662376331663539353963
63646661306234303833643061633834376132313861643932383636363937303237373533633438
39366339646330356565346234363431326430616465363637653331353961383639633932376463
32643964366130656635656339386139396261373135313463633239333534613063323339323532
65613931613331306630656665366336303663656235313938653038613139666433643231613936
64303038383561373664643264333664663032623830313965646433316330356466343764653734
32383564623161346238386264643735323532623235646664613731663636353131313936613933
61393539393863643636353233316661666661623536656334326361666236336330616364666362
61383066643033336630643439653739376562623034393564363138656535353331336361373937
65316662333864663237353763393539303438343137333235626433316665356337323431383562
31386334383236666362613666333138333436303337316364363566323037366665653035303139
38363264313930333266663338313862323738666536666466386434373764313935663166336438
35643035643366306138623431636265333164353366356364343430663763663331306134376238
36613435656333353061613365646331626534326138626339663164376234333561333635306639
62393233343865383264346438326666333530663661626434646365376462373435376331663736
66383333303837313361363230616632633763336337313865323635346664326565383532633766
66653639616662353264636336356134383635636536396230613262626130343035353232333364
64396665366331303837663639313261653662653335343965356361306439323064306638653834
30333933376134306165363266653332343434633237323532663335323432666334386338333566
35373035363332393131326434376166623637356433626432626535623064366539376138323236
62353731383764356465646336633933626566316461343134656339333738653164386666316563
63373730326661363235326165373737633863306638613635616632303266343839646337383636
65623532316632326264333136656434616632646330363234656638363030616433646362356430
32633363613666326233393530666637663765303032336236623539616463303039366266323264
65323066656336303730323837376136353831313264663562356239383062386239333064353639
66306532363539353464626432356638323131613632313561363935336364383630653764626431
30346231333838626366643230373133336537393039313031306431383636316236353832663434
36323361343761666433356536376530333163616566323335306363326266613064366161623830
31353036356339366365343932626330323634326530363439636564306636353461313135613631
33333233616565323230313032363466306665343432343238623134306136323737356630393837
65383566383262616364633562333836643434633363333939393361363033666566663539623037
38326336643537363836353038616234306365656438356265616230373761393433636535306263
61343566343532373064663631386438613366313133633738373361313137316139353862343034
37613664303631383039383835616538353566353934353134623533623631383336633361646139
33363034613833303766306463303362633362303137663463376538326133353066353265623166
30343932323565666632383364323164363962303061646263663233616232626330333836303764
36626164643933356437333932343033646639383531393036343630616232323634373138626463
32643732313964646539633635306537373865656564663337373663336239336130623931393838
63313538396531336562663661626437343231623134346462613039633330613236396636336432
63323137356632643365623032373634333162663932666565393862363831343333376164343361
35616437653635653161653630626666663932373638356263656664316362393237303339663632
33323331663836646362613262373938336435366334633132376434356131383962313764316265
31363465383632633930316135616336656236316465396237616266346432346131333138343932
30623238383638653433656335366331613832636436613663386337346438633164323631363039
35613232386162376361343837316261303564353765356133633337376464383838376130396134
64656436366466366634353535633638373161316536613737643566636130336239306433626438
32383531623065373331376332636162316339336536646133623864353031656131313738663862
63316565663764663265626266396366666164333338356133643639636362633031356531353030
34396635653733313162373161346133626661356433336236393532656665623838333935343662
61356337323032366333646535386139663932373334303439343730346666636536636132653665
61396439353032353436383439616330313363343130653732363765646663393433636564336566
33393432353364306365636263663630333764396464333237646632643535333530613564633633
61383865333531383232653037363563306231316539656630643263356230373335633234663334
35303737633931333937353430303466353435653230353534303561333832333061666466386238
37373936666637323336653332353538646363633035353733613930306663366639303831343231
33643635323138396462383737373861396237636236393165313530396536343465363763613634
30323761333337303164613332623332326664643832343333316366336633396332363334643631
33326130616435396630396665353737633636653637653131643233653862393966613664623131
31623738366534666266386231303833313065356263353264353136386564396164303663663538
63636434326137393839653462383339386363336236653761663839663265326138353964313531
62346332656633336238313062663166343634396436646435653864646135613563613630323361
38393730313664386238663234393465353864316331346638336430643637643830646366346564
64626266613835343632326231393734626235633262626634303830376536353738623562363035
30306136346134333030353362323363316431396331636664323563383462383233343737313035
38356133346563306538303539663634653266373035636263626461393561666365633238633666
36306565373263306438633835393964643536613064326237346231393537643034386261393162
61653034343666303536383337656136623436656636313734343631386237333963656264373736
32363366656231336438386537386436663738376563376565653334383163366466643966306234
39303761333938333833613131383631333737626138626265333465353839623361363931616464
33376338336365653961393733333536353966663632623937646333353364326437343238666533
32333262323734633934383263336433616338666261303564363262623039303064633830353430
31333438646435646231666363616338316535623365306230613234303332643134333130663539
31663866353862633430626433633539383133623538653630646563646266333030313435626237
66383963646162313130366537323131303965316630633264646435306633653465646237376261
39303264363336353163383562666466333362303165313435613034373235333664386437636134
31633931633066633532356564383866356434333736643265346464363765366530303466646363
32393033346463353430616363663233616661356230363636626639316365376361373639393565
38323232356161326430653838666532383366393434643035303439643866613963376262663665
35663139636432306430613265363366363839313937336636333062643939346137363365656264
31303163643662353734363164633266376536353331646665626161316366336266323766366366
31303430356635656332383466396138643439306266623931656139343166383239653732656530
35363862613635353263386665396330663931393235653735363366393361646532633236333632
39383466396332383261393631653938353434623634333065363338643832303462366137656539
66343362656232393634633037366365306135396566663631653766613233363632396437316537
35343865663231346230363138646139623864633265663362336537666465336365363562323334
34376438663166313435313738306630643761653932323437386665636539313631616434383332
64643736303939346132303635303265376331386361393839623062646534336562333235363037
62666635306132306537636265323639396535393862636163323233316535386636666262623263
35363437386563623831663939643633343236326630643537643631623362646437326436613264
32626132656637323164613631626361643234316231613365313964343865383965633531356635
65613334303839323265353465363130613431383139393666623738313430333265646632393465
30306339363162333931373564386639623863643336623937326162376361343066633964383732
62653338393939643831653963323836666166363233346137363963353738373636376336623666
63616538643239373430653732623335646235356465626433386564656131633633356465326634
37333936626233363036313333393033333537623964363664623532353966373338303634626261
65383965616666623730353861666136373339623164323131666535313035323866663231316332
34613765376433343132333732383031313733643636653436646238333133626165316335306534
37313937643538393832663766356637313434353233636134303865333035316634313636333730
30623636353534653337646563623739613266613063663830333839633066613563623961313037
65316537633166613534363062346661316133653364373932373334646336616533326532613263
32646536313263303866353037643239363134346638303563646464373438316365356662323635
35646234633466633436623035323835656138343539643836363030346566653139333563653162
35343434633331326636383537393634373264346565346133623338663539626166613930373961
35376136356231626539626661656133666436373532646432326135633163333039333865373566
34346430386564613666613733613933613966373632373233646630373863343134373163376130
33623439363165356261613637656430373536343966393566636161363566366637373565313538
37613834366165653966333931353662613764623832623066643837333337303730353239366162
39663432643837616161653439336139306138653265346634396230666364356564613036366138
62343864633332643431646137636362393535633038346533636537303733383238643438376366
66383866626262383962353930303635323566666438613230656630656162653766373163373030
62306336626262636537396331343333343565616339616130613135646662326130353432386364
39386364613265636437376133613339623934383963636136393532343733613433336165336430
65373937653930663039653166383333653934343634353534376430313865376430336631316165
65643035643165653962343465633761396535376362643936616533313539306462336535363737
34363361653232353539303761396230666439346365383538333434366139373766326631613530
63393736313361616139346537343461663861396431376461303363393636393735613862306563
65346263366532393162626339386234336634383131666130653130376433633637646564643962
32653935393761366439393762363266323265366531656638373934633764383563653238653830
30376432666333363664333831346633613335343836313736303537653738643561333239383935
61313630653262613739356635643638643561613537666437356635653935616436353065643938
37303036333562373261613665643830393238396232616331346366623639633864623633326433
32666431623630633035656331396137356161646664316634343035313432613464353730396630
36633632346564323861333761333530646335646139633937343261666431326435646334373237
66356165373538323130613962346230653161333538326464386439643162376638323831356236
62663031663932333561383038626166303139346630346335633630626430373566633165623139
33373831353934383131356563373562343166646431616666396537396136656536623039633734
30663733383534383665376238396535633061323366303932363563303961323835376263636138
65383739336334653934316366313837613033303132323731313362343632653235613936323931
35616466663064636663643138356661306330356433666231643630613232333062383265386531
66646531326164373165646434393563306133373761323830356438326333373335633639396131
38393937653962396165663633303633393732306430623662373261613234363330616265646234
66353137353837633931363939303566373737363564643161363030356139343465316231623261
61623362366262386633663835356430663539353736623437333930326634643866666630393037
35343062646534306333633532393931346637656539386262646233323562333636366331646265
34663739346537376337383330316231376634323164663537373930666638336361363261313961
61376137646361626363333166303031656137366630383361393864353031336437313535316165
31646235373365373763653434393036356138656262343839333063343430666431343930316666
31333931333535626165613265306166386462633930663766663562323935646166376130636235
66666538393338353730326561303739656535313663323531373764353031636537376162393365
62346133643334633039373239316130663865336339616332613634353135383233643864306332
39623137666364383961633631636162343533386262393962313536373836653639616665646365
31353433656234343038623638656535336534333238313132363736373131613336376639656164
62383833643535333166333365393131376230613138326666613736623661343464623061353264
34623530333537616661653061313633326565653332613663643838313865626166376333393433
32663765663630646564346230613966353238363132653433313834366232656134626366333337
38653163623064333136633734666262636361653264616634386233393136643361646564653561
31343930313534653265333038616562306462396166613834626232316230303835316231323134
39303239346434343464333938666139393435623735343861643861613234316132666533613035
32313235306237376235616430396138363137366562643738373530323133396235373235653064
33633964383431356332613965656431656538653065383335646239633136303662396439353639
30366263643634353637386262323938363661663964323738363438356534333365616532643066
34366434653030643930616131336231376538373836666364343335653230383239366466326632
37653062643230383932636335643939663361643638313931366536616139616434373639623437
30646165393436336631316539616235623866396363656666343463643932393435313836656236
30336261313630383464656337313261333335376232326631306136336164646163643835376132
31313537356339373365376132613039366538363838373136353131333934616366323339313261
62656230303366626336616132623339663661643234376664356135366130613061386137336338
34393337376265373865616666643930393336626633323666633639393231303837333762323732
64393738353731623932656564616163656565663834643437616432663561313337336238626335
34666338363561356666346233613665656165393564653935653333353037336639633764636166
39316535376138386236326364663031323933303834353634653832313731356433306363663362
66356536633831643330666130363562353730653566386135353364373333626635633663393861
63306430383162613062623233656466626635376639633232333835306330363035383132643562
32356163663932313865653762663337633833613561386564353431643532313965353630396435
31313530373936623036326634303630303264313231613463313563313238373133636533323232
65636330653362346535303234623335363261326666643333393336333634303862626538656433
63666432303935386132616563316330636461306134366634636461393032656362336131653865
62313731633366333763323931613639323030656137316266646264623639353838373863333363
66613237343361393337333562306332623737383762393165623338383062326539613638343964
36396666653035343864363661303436613066643732633132393731663063613264323530626561
65336539383864663164353763656662353733313730643737656331633333613433346236616235
63313035313238393439363664386531613666663234626165346433316231396530326663333837
31616565353631616434643832373062643364393531366563353032643938333464356166666133
30663134336461373239353839376164313461393630336530383763623432343638386264386663
32363263306631383232393866316634333530343230346233643132353439366564666638373061
62346364653734366534343536323838613136613962326637643961376538393030303231366135
62363939353838623665626633633965333430353736376364396131346365336362306630343636
37653963633663333236643530396238643333626562303931386562343433336138623633613534
63383266353763393733616365323336663834613532346230323136646131343265376335623933
37613833376639383335383730626234613266323836336339633333666263646635363865376438
30343031653064666238623130636433313065306339393832346537643532663161636237383934
36396366373739306633633235313863303036326566356261313532306433623163613266653962
64666130366432616530353364346633336636643465646336363036626364333135373031663065
39613039643566616130396661353931343763343464343736313261616530663162653939633730
35346364643363353432363636656635353336646632393063353631663331333130613539646435
34336139613133333062373963653336623036313331343061336463373166376333373165643433
39393630363630313330306532393837633862373131613339666133333435343566373665663631
32376666643836396635383833316163376162623035343866303535393437306239353939373533
30636563303434663539366263373933643931306338343232343161653163333165636430626633
61353537653265623933343737616261613431626339643637353739646434386330383162333163
63346661656666643863636236393834353531356664663237613236316561633165373739623562
30646630626334393365383537346137613030653734316237663938313932363334346465323661
36303232393262373336343165323433643366643632353366373062363238303366316263393336
36303163363365373638303062396364326265646166386530393439343165613962623530386436
37336563373134646537386339666137343063336633303166643238643530623836393364303763
66666362383737613533363932303036653336383037623764316431303662643735383731343062
30326434353636346161373338626438616364333438636632363864343932373066633237393264
30363363386331643863393033386434306131323435623837656565323661613233353263386130
33373335303366343133343661396138383934316563373135343564326537613633323634363137
66316235383735666436323330653332396236316235333535313964356563633961316636343561
30653333643637303038313162346531313533343561366436356265366236353536653936373132
63363839373030303336643636326138333961633631393232396235333139663866623432663837
30313336393739643964343864343438633064306664613931653534643136623037376432343130
36323664623836333663653139663931346138373332663730623732376634343961386538643634
36616337616637656338396239376161643638363234323566663264316138626238313461323164
39643166323930383539373734326265313734633761613332313435313964663436363638333333
30383566353331396537343438653739336539336662353932626539663933616564636339346437
62313265333462386132306131383531353236306564623566363731383034396261613365653662
38386635343664663935663361626431653736313064303663306538363364383833363864646461
34623635613961616132303862626530363036613433643231376332623131313935333230653734
62656464363234656664343266363964646462383935633431383736336437643230346135363161
62333761336335313666363030333966613464656437383337346537313938663939616634323863
33363663306336346361303134363331663631343037343436316232383330343332633562353531
35323331636662316566633661323636633235653936666261326131653432636435323865363166
65386663323037633461356637376230663439363162666330646562656533393831643065326632
35323465343334366330633362326537666666633834313565393134366666643164343033656537
35623039336137623762313762623963623632313639373661333731663362373030373132383366
31313730393635323133636434376435346333636564356639303136363466386539353635313566
38333632356562363562373665323336623235653966376366646537393064383864663439643130
65333830363839313261663135393262376431626263336239343739653233656238346435353463
34393761333434666333646638636233663630383233383831363332666430623135343730616264
30386562383332666530616361356163326530383236386531393562396336316364343563306139
35376233633330316539613937646164653466616238336164363536323364316433623462373838
32376366333531646236343936633864393230353735616332356334383331303633336230313933
65376438353061626438373339343764636437646165396134623363303731333531326531333439
62306365386431636165343930643333653931656165396533663364333335653161313164323838
62363035613662653165376166396139353939633333313938343434356336393033623536333837
36313061313964313338343933373763373664346664646264663535363663666133373130373631
62346334333533633933616639313265666165313063383265356230343731363834666332653966
35323130633431376638633361643938626332326333636331303037373137383133313265613238
34343433626530616637366566366261303463666630653635643634313864343866306132653066
37313436303334353864346330366163356333343639336337366663333539396462626464383565
34666665386430326532373963336333326236626530363838626231616263393334363464333565
61613737323439643635383539653864373131356162623237633134363934313066383965306238
66633635366235336662333034313762623765353362393861323230326137633866353162613664
38613038393332313430366361383139626265363766663562613066656637323762353834643365
34613766633030353737376637303432313831313565616665333365643532393036326434326561
30626166633163363538633837656463356230316532363736393064313431306333333331383234
32373664643630356666306435383035323638316439646633343137393733333032623634663030
39323735666630666365373431643736616134666631616462376434306163636539303366616536
34643166616439373863393337663964633166636166366564633164393638323531353330333736
32656337643562373930396139376664396336656337343330363561663062306136386266343530
34666438333536653839653531623263376230383566313833303231303331656564633761356335
36633539326334613830303563656666613265306535646233343033383364643862306330643834
33643836393539336266623633343761633162373266663639353236663163613466633336366137
62373630346261333362643531623437356331653036646332346261373530363432
