$ANSIBLE_VAULT;1.1;AES256
62633238343239656464636535386431323639356237336262363630326666643932343664376337
3636663466663165373066323365393433396162666433630a333238653964386231306462663461
34356637333039613737663732633531333436383930663939303465613739303463396164386433
3862333232393663300a303161363133333930353331636366303462326137613235376537626236
31383164343766656230333633363434633863623161623663333332323065633632363433363938
39656364346638333931636663663465396137646566356564626637626266373438353239643866
33353230346361616633323634383739393364613533313033623132343233353135396637363761
30306534313065623362393765636261343062303664346638363333306337326465323966386566
39363732333633653634313335646432653962626236653365353033616632323130643433306537
64343266616463616263323038336239363063643034303830393861643261363633313161363137
34313835313465633036613264636637396536393732383836336638393937336234323034366666
37303630646666326163646631646534623065396331333965613931663532633965373530373032
61396233393034346661613062313839626261616138363231663265666364306330366133656431
33663365626261663936663766353663626135353365333433346431363565353064623330616631
32313761303661383534353033383835303365653931386230663734306261323538313365636330
31326564333335383039336133363332623738383765393637313233343461356263613061373539
34643038363933633865636638353236303038303530313561383036333665316336633636333832
39666337353735633430646538343039336466643865373632306435613630626238636362646136
64396662353364616239373831626234613164336431653264623561346237623037626236336262
63633962356333303839333038373331656262626461353064376135633233333934643863343563
64363039336435323564363334646162616161346634366634656464313337313863393364303734
62356566303731346462613062633464636433333864323233303261653336393537333132326337
32363234626465663939313464356161323063363437323533343265313538326466633038323231
32383134303938363230326161303963376232643265316166663561323834616465303537373035
65653330613836303637353161636537663662356538353236636461613661373932306637383666
65383336663635636631303330326238303332653261353139306361373639653062333237613134
38323965366337353864666437363962616236616335623365326430333731333562373638383631
61353863643362373933636263393230646436333534663233623830343966653031316237376130
64623135336539383932643932613765383336356630623162373463396331643362613665343934
6533376166313336346339623834313635393832313631643464
